17.75408333595678
18.321187932594142
19.461805772160943
19.033082593629103
18.62180922297962
18.2778344674052
17.927688719045108
17.257699254082354
18.479160528333807
17.06027943165776
17.855405425046342
18.108902295791665
17.25644863606999
17.548356521637743
17.24907404437755
18.96773371295359
17.61657979709787
17.44740785596059
20.333304127218526
17.44614545691968
18.655238553033996
17.875810419972822
19.124092131554903
17.54675088328611
17.062120688770733
19.08482666216389
17.758218647193075
18.721743991597805
17.241027840931793
17.117314575375644
17.28481519412435
17.267959162340617
17.973547507266403
17.360919954774317
17.922476346971848
18.095982135267036
17.77632697984359
17.576761810668813
19.184065376956596
17.2565798841606
20.07281697643498
18.109091139949214
18.66499604328692
18.114711335586662
17.683327356157633
17.8974043441317
19.28767876315851
17.13532245609258
18.44383683943329
18.756947366459826
18.323185726480233
18.857083444415366
18.166701322220888
18.053355842860356
18.69929464625011
17.079674677352386
20.89360692617106
18.247123867641903
20.79442204224165
17.49762784201903
20.010679433866926
18.301991870484926
19.480989819643355
19.32386972486711
17.38043051256068
18.2222733384217
19.79453612646398
17.130354504728984
17.907026886608264
17.16778387970271
17.632903632395255
18.2000388285785
17.108874561362654
19.119042916225453
19.618051748405833
17.302089816434545
17.738521432541802
18.02053865497828
18.42120384691043
17.007328009437515
17.573528892775812
20.060970113529947
17.885732057695805
18.308596566353117
18.325002619820225
18.50553679946688
17.871811402104413
17.87383201832108
18.30052474981494
17.189287260666788
21.940503594902566
17.150623095059018
20.956112375044995
17.30302105439887
18.0204263664059
18.245832488318683
19.181141319824746
21.34402612278518
19.260900215100264
18.380134643968177
18.316522923780212
19.28312270459628
17.035391436944792
17.773045863026255
17.561007112860352
17.837801612907242
17.468191208758526
17.238638603504114
17.76150955307503
19.993248518804194
17.917620090656328
17.016328769015672
18.296051083550537
17.240126694920036
19.150310849856396
17.184480091267233
17.72657345927837
17.19104017737618
18.058037726317252
18.964576494435732
18.800485249038502
17.755746038073994
19.04678429839487
17.225059945940302
18.768478294787656
17.810392745124318
19.72210143503571
17.59680565050894
17.95592659777094
18.064889161830706
17.41424692064311
17.169655497597432
18.18979788147044
18.315485843307215
18.399657244064656
17.04228761763079
17.5858368545928
17.808519805415017
17.556835608151232
18.771280578931965
18.016227278023962
18.37907641811762
17.17435004397248
19.698644514079206
17.25215118692904
19.41288499374059
17.88399484991578
19.719967651722982
17.180457235631366
18.328112087289355
19.08354802573922
17.897542430477188
18.094521549353885
18.018647964285265
17.352487752322304
17.750355605501227
17.11058005426321
19.175535331275114
17.690351870459835
18.04388492436601
17.143472798260518
18.247632585670544
17.202536257886095
17.94687283140229
18.233784335002383
17.150682871540084
18.60038547212298
17.229787684513212
18.35976789678989
17.95562521904594
17.27630575040257
17.166978619487054
19.181758561386232
17.557817712763608
19.86285654873609
19.34776893277467
18.354086761045437
17.056813928053998
17.93693093765887
17.709664749198964
17.04494844107012
18.654278960562806
18.314306171041608
18.554718490757296
18.688243500475437
18.084885495797607
18.507021412028735
17.63724879383517
17.78305733439356
17.373171550015286
19.66630347064438
17.615902826886668
19.838059534227796
17.470015778370907
18.95638796093135
18.15943991027507
17.4824728596941
17.408749827126485
18.08719904530517
19.299459890933576
18.04704560799837
17.947609963537616
17.4052529362516
17.472214966865067
19.132015054361545
18.706653884607476
20.699038824591298
18.69822381094309
17.054724179472032
19.09626800629667
17.328528137115427
20.962855614436194
17.034085434102963
17.244083328328088
17.227521287879426
18.61410887486909
18.20283703435325
17.693865257263496
18.800775155798874
17.169593158168027
17.755359421230423
19.118310350955653
17.61091011194003
19.143839294254576
19.108176316235586
17.15271851286525
18.445608488002108
17.336991955806297
17.757758593922517
18.15037901726737
18.06690511646866
17.339677904943528
18.433452647560443
17.385795872382005
18.235491813438784
18.008745077275307
18.488053680658595
19.743390860589898
20.636284475926914
18.401144128924898
17.51812917119969
17.295236050088533
17.575671286686884
18.149096181366986
18.206301069984875
18.975435923993246
18.08236643229702
21.884749701133842
17.18073013551748
19.527222519829593
17.16856937034936
18.443771582765294
18.504725848417365
17.036940586223864
17.683882139390334
17.936880444408416
18.473916972754523
19.40897321443026
18.9929484916629
17.286270909926316
17.11979698648247
19.307601805096965
18.758407983953475
17.49182075540648
17.956266711225908
17.18626408781165
19.638654749805937
18.674265225989984
17.941423831292013
17.22962852649016
17.474110563686736
18.036841140045908
18.92340012148361
17.58282103271904
17.208777848285536
17.478313197490934
17.57214607370952
17.49153559007209
17.20218587958243
18.190406388464908
17.43288199304152
17.348901843260137
17.257510467477914
19.298865541314626
18.519009224499314
18.910340125104995
18.056181644003118
17.964304615430592
17.47446928658701
17.25935250247676
18.86162220530332
17.990959660989574
17.331258702172818
18.937318766601493
17.375440439459453
18.2934398927664
18.70603274882251
17.768088364599862
17.379536511976767
17.028164744162495
18.82243875423501
17.42649936732505
18.019247077379077
17.31051639881025
17.89829036739775
17.372886852142983
17.568947202707932
18.69505189431129
17.72743922074733
17.396686494127607
18.303852218623433
17.266023130574467
18.01638243706475
18.3396830423344
19.01041856234133
17.216608680846548
17.75763708024533
17.406178077592813
17.57886694714216
17.777313115155266
17.080784803758434
17.601701987066917
17.55060833166499
18.59404102256849
19.511744981418815
21.94802552537294
18.157710069566747
18.423496792896913
18.274552075534302
18.52617475624902
20.660963166703368
17.20220622251327
17.139733931586306
18.07719298959637
18.169236377920242
18.581840180850122
17.411181481968015
18.84579763724105
17.23858325882611
18.13475561888481
17.2660443464938
19.103432616650025
17.629524371992375
17.101190395454978
17.68755218001388
19.871329390602114
17.047134625277977
19.35898198625364
17.799135605262563
17.299089953827206
18.19895237592027
18.4345672708223
18.96949532272447
17.596546702878186
20.793447565030874
18.52520988620745
17.614691546636095
17.085728574074892
18.841674422645156
17.675696892743872
17.336439829074152
18.197506563672505
17.987155087494102
17.78725844809742
19.263544919705964
17.00503359427239
18.40788296698156
18.19064160079688
17.47294306032927
17.949967855132854
18.81451653118893
18.725385739668127
17.94932162663281
17.56300738436221
18.947215588048493
17.52883125853441
17.69005562084203
17.4528741868653
20.399587686015366
17.69091199938339
18.96281277387061
17.319450826136745
18.65824438173695
17.61113689395461
17.936092160327462
18.092096539588965
18.187103543401463
18.14919994135016
17.354991432730458
19.083278708931175
18.558158725678368
17.945517157559152
17.90652898929693
18.43909373481256
18.983409310014395
18.704753394791624
17.53383305699026
17.196534280994456
17.84898361537671
17.742678873024488
18.205392860794746
17.837139399294756
20.13451676132172
17.084396653788644
17.61156208930879
18.3515360133606
20.26475439974638
17.622663132811795
18.89944480953818
18.26516783562147
17.723666761476125
17.686915976259115
17.215771277453314
17.937925962798545
20.337006907468094
17.322353790217676
17.34798764833249
18.228931525829466
17.98397023711368
17.088906467020934
18.154140787803044
19.104245505961444
18.774724577368033
17.8782608868205
20.51495617414912
17.12548524739759
17.46804525999869
17.213245777731572
18.84172305942593
19.834180228455807
18.10372113221638
17.73340589131658
17.94099235012436
21.2120340977217
19.619819326606375
18.49586963913862
17.63068285279769
17.288365730306396
18.596273361737985
17.96014410873613
17.332780443941374
21.1196552192323
17.704033231459107
18.952507631305707
18.08977645041159
17.264407290289455
17.674365378014045
17.035878860659068
18.46769670636786
19.976933740557797
17.003902925904185
17.939157082959355
17.15663165706792
17.610885317642897
20.18927942990922
17.928746867821246
17.194544344842143
19.637128517688325
17.73097278161731
18.521143802681763
17.302035897475434
17.366373650802416
17.879060085770107
17.78969042895551
20.904058397392873
18.995438750887843
18.064339621341787
18.1608866812021
19.212298388061754
19.598451961006504
18.402774401885836
17.75025817201822
18.068275174795417
19.283016710463926
19.118230392861733
17.82613602561105
17.120879363703352
18.881681499615297
17.654725875197983
18.15454982283336
17.210526920764096
17.820051673585112
17.110084167197783
19.515764547837534
20.26421893265251
17.808890641550533
18.794195263386428
18.46725756313208
17.881963303392695
17.906794818945855
19.265818394156668
18.807152643757945
18.205503851815592
17.74195364946172
17.738828229819774
17.57335488800527
17.156618586210243
17.235826364903915
17.70617906991174
17.905534012359567
17.94259278770005
17.95077811453484
18.85779215097864
19.000912677171073
17.68047515112812
18.719535382633694
20.631855070114398
19.47711879792041
17.31211266889477
18.161500537087704
18.249251531784466
17.827637360793233
17.691510832963104
18.40444352367558
17.144936958642575
18.947448460021405
17.580383266156787
17.990830458682467
18.300523422532933
18.142839658445155
19.577717826203298
17.806670949461477
17.52428326870904
17.804410997941886
22.03202907639752
20.607717755900012
18.3449578512882
17.410471564686304
18.12996757693145
18.017590238338016
20.334491927198542
18.52758476486997
17.264333797642394
18.409220887040647
18.319791852283743
21.217337390186003
17.557943849435105
17.7132532432297
17.257434436913172
17.114596096138484
18.6445543714417
17.617754949655136
17.533581570831302
17.97522367207057
18.908027265786586
21.769382862768907
17.174954246198467
18.563266308325183
18.1199444597587
19.683804592405068
19.036045837832717
17.253649837173725
18.01012438968064
18.243280975806556
18.72500369289446
17.582683423665003
17.806434944248394
18.61802476711273
17.247637285845485
18.1388942621561
17.111066226083494
18.74372164477245
19.096069850853382
17.240275671319978
17.092544231931242
17.832272278290475
19.24219612660454
17.153213070014317
20.599831540715968
17.97261801898094
17.301592345498648
18.246837914612115
17.623620199958168
17.128085510741585
17.925379336540573
17.167568349603243
18.971415214340595
19.727037439270134
17.54876563288599
18.52853941190733
20.56971307810636
19.347181038672716
18.01681520945931
18.01056034915746
18.99542821140858
17.72282782144066
20.901217636626825
17.08087724971483
18.372885343751477
18.21735177386472
19.566804088077333
19.00476655264356
17.51244192643935
17.704504956320307
18.570102469097037
17.15890712230612
17.14791646004778
17.60434847063516
20.012416766943716
18.79128182340355
17.600422638859527
18.21799714737972
17.22341021154898
18.06921210246037
17.41882707885088
17.74341173040193
17.459357397383428
18.736736500124607
19.578501971689548
17.75972952840857
18.419175915960295
17.105914282612503
17.862424343302337
19.666955164000683
17.56724179952289
17.045195374306786
17.497583538664912
17.931199569484306
17.479417563883544
17.76831058513926
17.675197285363538
17.924599227528233
17.20068441254989
17.814876197240665
17.48971940834963
19.4520889155865
17.78577288590168
19.17443727747741
17.87149206282629
19.331109359583934
17.684147536459932
17.470193393321097
17.700521959679463
18.342311665426678
19.387384520101477
19.50189732938452
17.85408633233601
18.267586310867046
17.57511961216369
17.505569989825744
17.203740981516603
18.689865408956393
17.384547031550028
19.50625861653316
17.318109945001197
17.406617292752344
17.18068774171479
17.74113865031177
17.365709753968986
17.361135398950864
18.728101448250527
18.04594780988191
18.178701413111412
18.371242142035044
18.199707243329613
17.14045556349447
18.18920836112011
18.955956475223502
19.39899483458794
18.570535826231207
18.57670112424239
17.808121291182033
17.11517344837921
19.2838222878745
17.237852971898974
19.714658382315974
18.675767470202118
18.092538861394132
17.428690178479883
17.72224570720573
17.875216521129914
17.23240982646894
18.330540998511424
17.462667676747515
18.47885185179257
18.231780726095167
19.577534950018162
17.01464321073945
18.46883377420454
17.55480782372979
17.724689727459918
18.247317585228302
17.825888546743954
17.305891372598126
17.401517006168433
18.6249127892479
18.199407083197002
17.392922949788044
17.738911833530437
17.68497839804695
17.035978097734187
17.815662054017594
18.8055028928502
18.890954287278873
17.565597453332884
17.907463670122524
18.19805571745019
17.288081366212282
17.084264156903373
17.816735678461555
18.0727204197392
17.156484163409914
18.70421574113425
18.136275656608632
17.187362006174226
17.182582868121244
18.10600669046471
17.356058081015362
18.100085676989693
17.956391177554906
17.08033996717495
18.067104574700352
18.46469134502695
17.169737337455445
22.57831259402883
18.507930261504953
19.76566553628072
18.02134122023199
17.426723000324273
18.79760567701669
17.060064694131142
18.994054775266704
18.355092715075443
18.571850050659123
18.097854324787477
17.820542188401305
18.08479490737227
18.667483829485718
18.012851356012106
19.21215218960424
17.404299925197847
18.093082975818106
17.547195850449498
18.36557390571761
17.44469907041639
18.004153249643423
17.637035771658702
18.113388149638922
17.51685695413107
18.289825925785408
17.923577969762846
17.604261450760532
17.20582835888854
18.551609898328024
18.847150048000913
18.10659502109411
17.99309442188678
19.05242147923491
17.979293705222517
17.112584910097212
17.704608908075897
18.618928532472637
19.559075105575175
20.02795979217626
17.75401456302643
19.344673146020796
19.442754079162114
19.35139789754612
17.813368332441314
18.570369773558923
17.88167971527946
17.762010853395623
18.24924317611658
18.295455092236807
17.194685129627032
18.709237414146628
17.224423948995536
17.108505005518964
17.59104296793521
21.0596937541668
19.59132989623322
17.314821967695025
17.544099244663812
18.19312678548158
17.998356827483803
18.2221063950783
19.631223258562386
17.42330625165414
17.76528020805199
17.03127467263039
18.026670492188714
20.90524820921928
17.38954344564263
18.84876560945486
18.119068398980744
17.34394743955636
17.735794679258106
19.820402914498118
18.258427089884208
18.59505673969761
19.21413641088293
17.96209753516814
18.497909656038246
17.43103805544888
19.030266966397903
17.89279885301221
18.07518196949968
17.198820602068736
18.003040779785806
17.99826630073221
18.169711092377838
17.3833167596531
18.652583524195506
18.14591726585786
17.375138907838846
17.439411699258926
17.358165901292523
17.4897090435843
20.378067254972848
19.14174171015111
17.9979671011788
18.2945740410687
17.53477079613731
18.897029996867786
20.26417923669942
19.953860802597774
19.40593841691225
18.943511811656208
17.85738375157598
18.03947094081741
18.585065413797565
19.162260760513163
19.034445025630703
18.750271267392236
17.38376590167536
18.01971734253675
17.67166050117885
17.83005496048645
17.33076070644529
18.8342724323702
17.75377745372316
17.213879153016023
17.312293851453433
19.22583383852907
17.46592585741746
17.901305023431632
17.70073034521556
17.923695894045522
17.95030663169382
17.923945033122436
17.235303477387788
17.617633634159574
19.166610415533796
17.95429487922229
17.24996498836117
18.305460248240706
18.431701811772655
17.845383907093492
18.656796877523448
17.462183777210157
17.262471521647967
17.853082700821687
17.40952723706505
17.984761185471143
18.335517089406494
18.054080478901597
18.487235750504624
17.346600257904356
17.048065995568322
17.322104054066585
18.971429088687728
17.866815607107128
18.632632260327227
17.224462887905247
18.89465855924209
17.516668184442096
17.916656901172246
17.744264704222587
18.436938939830725
18.22936819721872
18.695143951965292
17.76854489426114
17.456190010594582
18.182261271020252
18.1634757824977
17.589682729845663
18.65016860423566
17.126324917062448
19.695672535654012
18.11082828104918
17.240500463758508
17.178367515582067
18.855672484362003
18.60013475521191
18.458094843626895
18.3925760371676
19.36080012037928
17.194616616801795
18.843088561770855
17.484272419718764
17.085703145799926
18.152395459495892
19.01729884837914
17.3510259220202
17.559098594465468
17.943749953221413
20.584429230893875
19.47761357741183
17.549534219524503
17.296182271515136
18.103775290441263
17.012377580198518
17.495413546286727
18.162952603732265
18.122928955093812
18.907906401884247
17.7551586571426
18.2499111978359
17.080839192596613
17.939470095177967
17.417825318789255
17.129711035217042
19.020748097769683
17.454667218342365
20.47654436380253
18.41267202612289
18.575889192532486
17.72682164550497
20.048821933833096
19.567186015756306
18.59509642177727
18.723058022715122
17.717410759694758
17.388583167219622
17.727826559152163
18.245868231482746
18.75666184954389
18.34585104879443
17.39960486561904
17.1758931477234
19.14821344424854
17.76169539379407
17.85491787897263
19.35575863871418
18.911254250022466
18.359673467264656
18.664432265908545
18.636111823798274
18.509065196652955
17.716640461781935
19.5863027460764
18.68689225782873
18.326542972023162
17.669557957447978
18.98819683697002
18.256750372122042
17.185054390218284
17.280595244683354
18.004090595059097
17.427189531041222
17.429771031293058
18.41493080443979
18.355891364932177
17.28752798525602
17.88196510135458
17.202160264001577
17.134462469115533
17.051781907241093
17.628050906725548
18.397974549323408
19.046283594554552
18.711263530953147
18.666022949808394
18.29569688227275
17.110631810828636
18.751027992118907
18.4558985675867
17.525008052165504
19.328626322625496
17.530043094488065
17.80417037241932
17.079967079767812
17.997145126697433
17.659831341683457
17.436393980231514
20.134619091582863
18.10068764330208
19.01958376722905
17.827576697029144
18.726401593357878
17.038486328743602
17.855959604239615
19.0858679528028
17.883284379360703
17.77058953524829
17.059939040093013
18.405697467642312
17.61042603709575
18.482942679307598
18.748250969860237
17.79505027306368
18.25048969177078
18.5709085881208
18.381467572613474
17.41896871487552
17.690631533696433
18.29142285916896
17.73070760900373
17.887921710364026
20.944380602675665
18.59304434000296
18.05838191030125
18.09332186215397
17.254259209057636
18.156144347725785
17.11702242686806
17.409548026338598
20.631717067695718
17.134406055582076
18.264165031385346
18.004751475717057
17.122753498584643
18.16761463469811
18.062770797088888
18.55109956855813
18.656147572815826
18.81554318673807
18.030697151134518
19.241715502656007
17.187733827864577
18.283653204067377
18.263572824816947
17.47968966663757
17.544323056281428
17.369943984715064
18.151458427062607
17.162876285339735
19.995972021522903
18.38888627518827
18.766882887543034
18.48395528342735
18.26892182685333
17.425733913463773
17.438503401517664
20.619453812705615
17.25273703596031
17.77629634689947
20.375195020453248
18.35912256977099
17.359369468234945
18.549653582453175
17.935060874388
17.251137252231274
18.23503696093394
18.27003667451936
17.022897275139258
17.94517150622778
18.30701793665503
17.54987090454233
17.172925518974807
18.126900636383652
18.08734040697891
19.573248425440397
17.460224003199983
19.641703537221474
19.388453673469485
18.752721176628256
18.077336069549347
17.76331913375907
17.362812620787736
17.233892849650147
17.65895193468532
17.218844153161626
18.046642022614833
17.454024263541214
19.917116128424823
18.40762885303775
17.47763712226515
17.381832124498032
20.20376249392575
18.98021913916091
17.616169954966608
17.4967097018598
17.45433423090799
18.64011531628421
17.444469528421905
17.662072299819556
17.476651235363533
20.25602972107299
17.779066023671476
17.371382100373012
18.741870181660488
19.242033740683837
17.24987303558737
19.997057688200584
18.614067555507063
17.76966544143579
17.20126385464755
17.317886442404415
17.128456143425865
18.089080931938952
17.19798136062309
17.345513312549883
17.96042517591195
17.632124223393475
17.47923631658705
19.323581249998824
17.56609161121014
17.26684679849859
17.815401868432673
20.398653124910197
19.731409248604905
18.660614315176645
17.564240444753523
17.359075745913287
17.58403860812905
18.661463989566982
17.222120279337105
18.933235473086825
17.84994235393242
17.846400070764503
17.398885025031632
17.68690891926599
17.11120432863754
18.093106345328124
17.571524154660437
19.173094651861902
17.460730958471686
17.304426618051366
19.42513816403516
19.411077738801396
18.924541942949872
17.379721932913526
17.873032581039297
19.42301722263801
18.344244567826536
17.16094664955017
17.70174537325147
18.10120283030119
18.937832800267643
17.25217335837442
18.210353359081637
17.50718377859448
17.62093971097056
17.27050870180028
17.097096787692863
17.059678474506654
17.69669003781746
17.259581248334143
18.579813331900368
17.256306078288617
18.207580558999325
17.234468060214567
19.139093728914304
18.74300703649351
19.69777651339973
19.599919131527713
19.429272906847473
17.757962845680595
17.927327297697047
19.384027603107825
17.79211887830388
17.18892612090349
18.05805450071057
19.810893318994204
17.320044303934992
18.785928883844463
19.269588973551436
17.497200917041482
17.25106984661761
17.654513786859752
19.867757260624785
18.615490659747593
17.5704338296091
18.395416234921868
17.31702896544448
17.156001239163743
17.42613283587707
17.86019205292905
18.128857685969706
17.96866002275783
18.15855629511134
17.14568017738202
17.363620243129844
17.428671560843213
18.11623929595953
17.365065532074368
17.354488938930444
17.03706672565022
17.589780287886242
17.779064289203234
17.129574348458846
17.66780763155839
17.732300253792346
17.78525179755161
19.455533554013527
17.373772583261598
17.05653878871817
19.379098507371964
17.345552322396543
18.921805887854134
17.69045497010302
19.625664491395582
19.529856816137908
18.202950212118594
18.021381441139965
18.209619326898974
17.77692266576196
17.02793426466087
18.419387474797986
17.701072539970482
17.985529010766186
17.156119815550483
18.19372862018281
17.07623369077919
19.421973515152786
17.021841758618393
18.638502593330486
19.127284877871716
17.746965023005032
18.400636253460107
20.60965715022394
18.977930126082356
17.351475098610535
18.45619467781944
20.2497104889444
17.462155244560563
18.693178399491444
17.22377571682955
17.687332417350262
18.02390599863793
17.147342157204548
17.735904629185825
17.000779887304816
20.159052747967507
18.25597097483842
17.42839590003132
17.805188849062688
17.704832572584564
17.237538945475535
18.150889050066326
17.685996495816653
17.659501656184148
17.415142250203644
17.451599302763498
19.302448686928983
17.617723864452273
19.899210901105107
17.76756608825235
18.889828850606136
17.93627221052884
18.754411046451423
19.126178098256787
17.72133504174053
20.09062366730359
18.090513864884997
17.660210090110922
17.208044400438666
17.738158748219576
17.26300189025278
19.818689236144564
17.217859014766873
17.546360901276785
19.837308247624605
17.55208454903186
17.23156164397369
17.15654357333551
18.56585037108016
19.18309091314586
17.337754484353354
18.111070514685707
17.59852525626775
17.661064826381335
19.92083585666842
19.129505975222855
17.275579899425793
18.691669373416516
17.140033593706903
17.71420069792657
17.483541938352573
20.133958233956946
19.20252871898265
18.12228479327314
17.614575349267398
17.23321641334769
17.6001533137387
21.10984662935516
17.30766314331413
18.24836664241593
17.373141506781394
17.625847779898322
17.681657984809135
19.07151043945487
17.61802642101975
17.356497428991133
17.095746163751755
18.00336214942945
17.78190852811531
17.11938808010018
18.22554088653851
19.59315679649444
18.63437424521544
17.94752036729915
17.25805731950095
17.31347770120192
18.82607770098548
17.4135658886662
17.083230065385578
18.209543461627618
17.546366273236345
18.229307616384176
18.265474370360607
18.808514445459878
19.41687096429814
17.133268353092717
20.02900343377405
20.548477719443326
18.445327888344764
18.0069061616814
21.302258948184317
17.907801579603984
18.047997030887927
17.129345354282123
18.08775832086394
17.157066464991658
19.130151402823685
17.77052777913923
19.176984403195092
18.053881218518654
17.963949811390194
18.21009017783217
17.253698615080793
19.5682342001528
17.555245851370273
17.445406044760603
18.04930089355912
17.466153861852945
17.688281484981417
17.228908425095142
17.737895756814396
19.29883519246505
18.76979309663875
17.872824138321448
18.89598072903027
17.252689037268283
17.936372504074825
17.34785916628607
17.15030377665971
18.901023271711892
17.724332337020314
18.145270683104172
18.452494276607467
19.15797842887696
17.729965381840884
17.596431083184143
18.103314116277033
18.38120602154231
17.82921789323882
18.130209091956203
18.202570047702466
17.475081624295854
17.60489934967336
17.41783579690673
17.93293683585216
18.3344088181766
19.997202985054173
19.868058127787663
18.137381755266688
17.419275208485487
17.7250271011726
17.20535680971807
18.15098720070091
17.16234669899859
18.093376162949426
17.78665638044913
17.34444608411286
18.98937076448783
19.455650946671085
18.373503348928352
17.16569705294387
17.259597600990674
18.102359692747996
20.973476305087388
18.567304294847418
17.25243633874925
19.08403257335158
19.64823705671006
19.397107569318905
18.216157113005465
18.031935736173182
17.95320724134217
19.407521716493648
17.202865619023214
18.509992977378715
17.24689950564789
18.468507196907012
18.03109445888549
17.56600840639294
17.090735675912583
19.068295721925097
18.25206895086012
17.5574958163852
17.76794955674268
18.073365437361645
19.737936321194866
19.17547501840454
19.26890290866868
17.70177647178207
18.5898208663275
18.596218573125952
17.892642366881773
19.053488785400987
17.305559852735314
18.895343378651887
18.064106451820408
17.12205862695555
17.55051583549357
18.497454818338156
17.49507702565461
18.365141688875156
17.45189089715859
18.97720869613113
17.770447257986234
17.149771943433734
19.1687595065232
17.863303846017516
17.038692938163877
17.53282182134717
19.380517982674064
17.760253029417072
17.758894644110114
18.384923602505296
19.308040479591
18.790746930135356
18.195092329071485
17.181316970745684
18.545912555622635
18.53941790841054
17.801394938724115
17.62843560121837
21.39288523036521
17.32574252205086
17.19345351462107
18.77475595431315
17.30683065930498
17.087350079375028
18.628762599684705
18.19381163289654
18.960052611444553
17.13134127457306
19.289861109900812
21.125411496148445
17.816174492436403
17.763359734359256
18.69798180971702
17.914815525080485
17.96864022909722
17.54845372125419
19.40493375967344
17.964862929591618
17.921337821535417
19.627694478542253
18.591920334933093
17.339650895853993
19.860286816721782
17.65832510787004
17.264833532804914
17.60921298766334
17.448234622759628
18.995235209789826
17.401163983304286
17.591919696802506
19.272588181840547
19.575667338925996
17.323012948821997
17.070459941729496
19.169180517681525
17.330107317844522
17.366954108430946
17.299345253682986
17.026867031912843
17.07995726326044
17.75745180402737
19.075165874797676
17.152592658167123
18.945017623984313
18.99690314486361
17.45443993419758
18.97712659708486
18.5493191588248
17.238704305949796
17.677774020878132
17.66967016064882
17.888027521206823
18.279281276787515
17.31947847867559
18.58396553028433
18.16995798485732
19.06994555271376
17.492791337244853
18.07610573522834
17.612714675407915
17.327700593676127
19.154326884752663
18.87800995571888
17.263410464991466
20.71673515362636
17.41586243254278
17.16977160118404
17.81642312722397
17.458617452510225
17.352522941524512
20.07489126947621
18.08541097550915
17.102985632489435
18.28261579777609
18.43123892730364
17.55847277012799
17.33639732230222
20.151333173169405
18.117076461596298
19.670379829585727
17.09677343571093
18.801005559507757
17.098025558778318
17.929924544296227
18.503590224594518
19.369001874169044
18.351923621055903
18.139626583717472
17.245990819610597
17.807635648212454
17.100374557936448
18.619846483459696
19.348414883424994
17.379819910340302
17.93329736423766
17.39953942680586
18.494829073926667
17.294012492719048
17.84705853460764
19.3783268969637
17.198531361362257
18.37008471842273
17.672610541587346
18.61739636061975
17.354555704747327
19.54686860738002
17.735885450267233
17.62661887181457
20.207937740058696
17.129307052629883
18.033457495643233
17.787562889199762
18.699647682915383
18.82933632417553
19.2739802811775
17.33759628613916
17.81058034315356
17.512544444471132
17.532094945650897
19.77525707462337
18.430291887169005
19.532269479816023
18.758708265711903
18.88684147427557
19.984335485489282
18.410971802688437
17.162075395084685
17.19844248911977
18.3801145860416
17.4076229475977
17.29200592381676
17.380117693188367
17.32079487633746
17.82048975820362
18.07443165546283
17.656102576918784
17.126190714428958
17.307448061357718
17.733808990509715
17.196799817575084
17.563873855600832
17.38769972287264
17.989379033417208
17.597789624771394
20.024833860632498
17.073447510803817
17.91762986448157
17.760854318934435
19.142298191800364
17.126703323643596
17.570727184516727
17.614433606315288
17.56354470498627
18.043891867615457
20.93769066211098
17.650125107677013
17.590110527955403
17.02388464911928
17.616949706716696
17.437229362702055
19.014171138573147
17.14586514246912
17.111004041340493
18.01929712863057
18.574139286931313
19.72110567346681
17.68752032804332
20.248903621104546
17.41364560945658
19.099014268016617
17.214375785988523
18.556548568776634
17.98313989712915
20.871156452587456
18.004138909702306
19.006907220362336
17.873711186817673
17.36491022878181
18.532252478282317
17.585658084550232
17.047644064448832
17.049422652329667
17.61483524461073
18.454225012785173
18.100499852684152
17.452651596853684
18.964398122770945
20.050543369543448
17.861698776949197
18.74556123668299
17.526975387219863
18.30942578298709
18.661956495176128
17.344146995674237
18.060183915265952
18.59767109795939
17.840215648633603
17.88906637296168
18.847785701414978
17.86222756587813
17.417488505983783
18.11246325013053
17.458192886850156
18.205259450580343
17.542445167891856
17.65243066404946
17.518708667055762
18.055115418683272
17.573591588647105
18.237052612814296
17.885569376681815
18.760984121130605
19.761980405222857
18.700187016656855
17.65188767886866
18.39933865414787
20.170713729952695
17.635923234411166
18.809176797309192
17.227756525935547
17.622440855506284
17.014536043425323
17.341139966716582
18.18114553491614
20.71588697106199
17.766632373444736
17.931977500542416
18.449673407507362
18.68433729341632
19.576984168612398
18.05222827140824
17.767949685206986
17.99162239094585
19.39254565783631
18.776990337544703
18.48277760558267
17.22371044990723
17.450070381666592
17.15305076661025
17.248708295766846
18.018923281932075
17.65886903824139
18.302869254082907
17.75442740442668
17.323166786532965
18.946849336425657
17.5041476487022
18.12674951207009
18.512235272821272
18.129063010979735
18.549219791049836
18.897095241853094
17.903955374007637
18.557106582506094
18.90770369891834
17.873973582063627
18.417254514111846
18.353113449760713
18.048011108308856
19.5493689179566
18.886187249481736
19.17114104206121
18.013083933998132
19.062597986485343
17.251718127416098
17.17884517350467
17.384069618994545
17.099355966573057
17.22793439510133
17.127013104211073
18.70068056339369
17.397078122739913
18.429346882105165
18.39986053177563
18.275080376217375
17.148192426393507
17.101612656289944
19.02370087451709
20.77801500158239
17.99330288312194
17.5504527166122
18.651702288574597
18.84785032048967
17.52586757883546
17.79465452088334
18.407644450890075
17.603598400761257
18.614326709612214
18.537764358188724
19.795625352984644
20.427440231491346
17.235632030722627
17.846872982430796
18.518969017117342
21.197628245514352
18.0849397859929
18.095477662711346
18.241918290179456
18.085487152457063
18.581570236041443
17.312776222956018
17.516267155697278
17.640436786030477
19.01963049609185
17.032012875504734
18.920197691157227
17.255795219731226
18.36167112144176
17.44223459652858
17.590192448318703
17.276045349826745
18.146021668631874
17.79162497293146
19.206773030171462
18.359201489605766
17.275053951787413
18.996757003151288
17.33598105688725
18.209322242822964
17.457103665692557
19.78027803212899
17.760065185393614
18.633559805159166
18.13633275230677
17.214261149885715
18.106636007105408
18.654816538837622
18.246665120241232
19.54862881875306
18.862640291801654
17.27591966393811
17.46566585428809
19.33363596991694
18.382425808536937
17.66300617090019
18.840890096667863
17.26393286898383
17.168299752920575
18.568804749178526
17.121961498749442
17.49203571509861
18.71999163239525
17.328864708986657
17.73901818842569
17.47241484573169
20.095368321919523
17.035525108985894
18.550125138106523
18.349568834528327
17.94608936041186
19.067449516878696
18.419394049051334
17.745964729569096
18.067622434318764
17.545834974029276
18.429275250207866
17.97077393818472
18.22586476639117
17.452142761023424
17.60627241199836
17.227101739612408
17.593897952596308
17.55018708726857
18.208421499257383
17.78685030892666
17.522980385256233
20.017033629548678
17.638619757679407
19.167366164299892
17.6149815998142
19.80456414924265
19.76967240292288
17.168393845618994
17.23438033585262
18.24124394921091
18.954856408723572
18.086512674068217
17.307729572719836
18.727702685355325
17.21957726540859
18.01850050342182
18.938778184638068
18.31229016691941
17.85397648549406
18.930461615760578
20.081308526925568
17.96402303589275
17.195280941588862
18.151343720499426
17.390231291399687
18.300357974410872
18.297104524412134
21.543773948134913
17.643568072278867
18.27379708163062
19.893181471219577
17.97537663148978
19.23437143337651
18.93359284563485
18.704591739107855
18.568776621126744
17.209205966995796
17.325606963138853
18.185451891928096
17.354056471660442
18.29846804821136
17.287570834370854
17.129000530687335
17.228836988200783
17.31827247239562
17.448491947063303
18.623383869933605
19.26146777987742
17.383937587168475
19.06008931138058
17.12919471434725
18.365095481276512
17.893720070082054
17.35387413587887
17.267488762117864
17.48361464581103
18.10277720742306
19.517039614343958
18.148129428736866
17.23159715636575
18.66643356395798
17.452736400533468
21.41125154017209
17.89472986706096
18.548759853685624
17.55826491548214
19.179945416857663
18.54345257096429
17.143429790179653
17.675541817028716
19.052045498552616
19.314090077568835
17.183925925171934
18.76078410743503
19.1456541804655
17.246917213589768
17.513748275458056
21.042533134161204
17.457133712690847
17.3536637678626
17.1827512664604
17.244571717070357
19.810508182141348
17.34916345000238
18.630882249846763
17.31334320330643
18.797492136283836
17.813710120681208
17.486158000858268
20.34436209917476
19.23442547205923
17.299678000810673
19.61132315442228
18.581176582978514
17.25474783959362
17.17251509059861
17.259968489386665
19.191972243832424
17.310294965369394
19.34458773728693
18.38677829567314
17.56305007984338
19.344246443724842
17.714490651116648
18.325025966914836
18.69830953993369
17.294526227386086
19.92491852938838
17.523518618363596
18.238725639872428
18.42803286990238
17.939485011906072
17.249621031463903
17.55601345936884
17.608381754944276
17.814638825999282
19.283191333954164
17.89239695610013
17.267106112216425
19.61748100844852
18.78364313692873
19.51328439203644
18.070968521824398
18.53871098475065
18.30722345592949
17.8827298623728
19.391146013229445
17.498652776732342
17.26852046597196
17.85893902253156
17.32062437586137
17.971419928537216
20.3570084625826
19.515515570063144
18.12493874609936
18.599653419638344
18.273983791332284
17.05628932089894
17.030179168759787
17.761701079296472
17.425267220380192
18.198554407681513
17.946990701886534
18.36421313707251
19.345237998320954
18.11274114090338
17.776804352513864
17.319711613417894
18.51078704529209
17.66688111206895
17.24633199224627
19.00171007728204
17.509196156825055
18.578531729341194
17.908751431299606
17.356494346895488
18.533724969849573
17.496508316377003
20.335910484354827
17.96721608073858
18.543066122205346
19.46326211966516
17.68657429434097
19.67609314796573
18.63744031911483
17.90927220458252
19.30671660102962
17.326358650650945
17.843989718341618
18.062471023309627
17.193836594058666
18.528822733635025
17.672322149366664
18.267027151166985
17.26746478318819
19.965023619115527
17.35712678636628
17.969844493934943
18.072405314611387
18.673537568116444
17.92130512066069
17.74768390085228
17.678280660089513
17.634940780240868
17.247233981644968
18.0424983077246
20.58873083353683
18.62733165641839
18.105985402486112
17.381394242314855
19.92545278507896
18.090513928444125
18.204405513359234
17.737602381203033
17.439633442132617
19.28099762502825
18.164828311797464
19.957505616119306
17.2278975692534
17.402349887226592
17.406842727345065
18.369899141660426
18.618237282753398
18.908557996648597
18.058061389056093
18.854261099535506
19.346636148031394
17.827592519803147
17.74032038821315
18.129218305126415
18.21485543809831
19.265277165053703
17.436993426024856
17.652925295646128
18.595525214572262
17.622893998457585
17.067138349324523
19.314252928721544
17.526218492363114
18.597790583553433
17.705461022145755
18.807253577433585
17.72688207795727
18.570636121934513
18.127825484683854
19.918215093370236
18.475312721515365
17.451941623497987
17.057146232007653
17.321650913305348
17.82380652615393
17.818807396412012
19.564320779871196
19.038879787141923
18.143332984524022
18.277478787582368
18.316876533332106
18.230248139618197
18.370351456207572
18.724293969054997
17.133982164712506
18.487460146432568
17.724141978302214
18.282477669061336
18.746105337690096
17.771941612700175
19.620055830579076
17.84392609380302
17.417706833715783
17.464985611608427
18.36695000695181
18.325307563209208
19.338961689325515
17.903871190057544
17.75895228990703
19.913233057370235
18.92557337713515
17.227457801527635
18.337096879346063
20.272813947442046
18.62255857144919
17.390661335353798
17.042207728831272
17.822395517359837
17.977544862340437
18.94491509783984
18.24575428296521
19.160459751925373
17.13783944273746
17.067822681543475
17.294533798289194
17.41210784082068
17.402588112883677
17.207537622540258
17.955849940379267
19.20751695252693
18.2138100993252
17.62323366296914
17.82403005577362
17.47658235838753
17.341822437520023
18.842973234051897
17.71945993717236
17.441226744893356
18.890108494946617
18.59694309522456
17.11661298128456
19.32282504766772
17.91635567099729
17.01345515317371
18.28487646362919
17.423681565276638
20.843814976295107
17.613570110203
17.724458312484785
17.950082968156494
17.357383796588692
17.43242581532104
18.610564501541376
18.12309362257656
18.81141897469206
18.186997704746318
17.037048253994726
20.7862719055629
19.93850021959952
17.277936390608374
18.092916425623116
17.68127962579456
17.85469553458097
18.634946093792678
17.504124789207708
17.3588847012943
17.37785518601595
18.981094353439403
18.590339284113725
17.13989542776835
17.41019208837679
17.504548233708192
17.86299071701069
17.770339851485915
18.30856650534406
17.23265742821968
17.921028634584218
18.203543405936216
18.90002690852998
18.270102549926378
17.53798985508911
18.39610652501142
17.85999060204631
17.475209907977842
17.67411649310816
19.638659537566127
17.357370442943648
20.720142531514284
17.111549319037294
17.673210399261734
17.677795034418523
17.311085412322427
19.895727840346808
19.611733719415497
17.58466413435235
17.572396477240545
18.19729655489209
18.64241799050069
19.356969359854702
17.241398585450952
18.26383291615639
18.98250252469734
17.287353012849053
17.777756888892327
18.18574956955854
17.10395525142667
18.73331220714317
17.379952738192515
17.480076935135003
17.146881011933147
18.977797730112798
17.258257609755674
19.22853291946376
19.80701216248417
17.53899369044666
17.962224442169827
18.55248589639814
18.841947488363076
18.59350912879745
19.70096327111969
19.333630945897312
18.00824142034253
17.049624587001745
18.04948525699001
19.425486753316363
17.17392620722967
18.232908458507154
19.495998295693425
17.74837688622938
18.700146615454287
17.578286407318956
17.2841646485831
18.07092751240998
18.292915199963318
18.34044602130598
19.07062020129524
17.304675410487107
17.842106399155455
18.378688476026582
17.021407254920632
18.465758034100872
17.234660384070594
18.32238355579466
18.549131695981487
17.10345302071073
17.54783753382071
20.923550316045294
17.409947957508848
17.857373359824123
17.823316615067597
18.393211966162198
18.156535844078462
17.907469843776198
19.02230950635567
17.105858370108763
18.476045409115613
17.89846195235441
17.198843962811225
17.536741146221175
17.606942393853387
17.2679447657938
17.483333400545234
19.05175344977033
17.32506510996609
17.24345525078388
17.82439158391935
18.967982377500448
17.15976399207284
18.003630458806583
20.044716898461047
19.626559481293953
17.16531452696654
17.92522969540005
17.73440928596392
18.402261370472843
18.071050475009542
17.381702186379698
18.055774202824978
18.039603260564036
18.73771305536502
17.781865041761193
17.45546354556427
18.050265044650587
17.299299046098895
17.138472424172505
17.798509820313484
19.746768137345498
17.197304221612285
18.932247367556556
18.310397929257306
17.137562088166305
18.631072410695197
18.301060181875073
18.120418435355532
17.733055802927993
17.186119564845285
19.09451542127499
18.91697782088886
19.486097471199173
18.172214078171237
18.4211403346344
17.287202307212283
17.064882722472248
20.23985361756786
20.06101038101042
17.368632947625883
17.369860079001228
17.29365754174796
17.208696960566158
22.60139996811631
17.93499354220694
17.80691824153473
17.34511483296228
18.606089950604655
17.148354140430456
17.914540248581034
17.535172564457753
21.40391597706912
17.28853907114535
18.007656617970497
17.319521798526694
17.758643697525258
17.29638780462119
18.34116074386111
17.489852368358697
18.39723194662656
17.80369460172369
19.432239329522417
18.177724774373928
17.058544111365336
18.297560023114784
18.053472626168514
18.81126629516075
17.282262128050206
17.53157169715996
18.298189547189395
17.059899025021878
17.19257899987133
18.130753891506174
17.678665142011596
17.54670887564862
17.770863963261945
17.30854144180921
17.174720563547453
17.79430084683554
17.56800100662076
17.970081734347332
17.158683649249724
18.719549264991656
17.93843626632588
19.050960192682396
18.994783423506306
19.25261299113481
19.011359079660906
17.533733731455868
18.07543803585577
18.01015586763242
17.143989777709066
17.581111283710925
18.585325115425803
18.198477513236867
17.469650543658645
18.277440074096376
18.58555771347892
18.515142415904847
18.08857381848793
17.725233680052042
17.622168951726053
17.308288929081755
18.898961745180713
17.07779383725574
17.603288998507196
19.25676980888238
18.150911794138665
17.229171121791296
17.288418543103035
17.496895432384918
17.13368421037012
19.12925985406764
20.050962230336154
17.48092604188423
17.247695106998435
18.162711532473622
18.390042528219055
17.06590970929392
17.30594435621606
21.28697002276749
19.104863183958514
17.93579194718768
20.518687829906412
18.651780727646837
19.45195715000591
17.872510334840626
18.300512091678684
18.814188188742264
19.247736456592975
17.553941592581396
17.483487342724402
18.253693153877975
17.082090165633417
18.269827636271657
18.948079026376945
17.183886360006
17.682365098269656
17.15108095724281
18.75191458887275
17.72649982113944
18.444163508735073
18.157465635427798
17.433753475277626
17.93207079921558
21.447322214371525
19.13571159770072
17.69910827145941
17.630350766638003
17.522019315736543
19.266663328111463
17.22790449795866
17.054637241228193
17.459939206521085
17.720548186691303
17.23553696746967
18.301480386136973
18.46183072544227
18.83914271042886
18.38446461896092
19.239893967474927
18.39632663667726
17.653866524568002
17.666350638246513
19.16495481084712
19.685859570949106
17.038821264482976
17.694719576335046
18.209429430578894
17.59550011785177
19.234209817353985
18.22019664032996
17.524285209154186
18.457644534086285
20.442510387474613
18.832019604531524
17.23852628142049
18.18693674493261
18.371048272842017
17.90436088070419
19.089439988631057
17.602254168436048
18.799664119520457
18.944010510051157
18.49572782828909
18.12902553415188
18.92411701524543
17.93660282355995
17.64515634989948
18.62769457432296
17.38647510827286
17.445524833477975
18.072302742635657
18.228954168655036
18.223186380542757
18.713619541580556
17.98621337399527
17.884091796666326
17.008143880557327
19.450706206720497
18.33188300029724
17.962391626388126
17.514092739016633
18.796463458820654
19.297188333570375
20.006610523050767
18.201691772621416
17.00041206170863
17.11703331494209
17.496905629857793
17.18345390988543
17.377764498873148
17.897838517426862
18.01999623220763
19.125607589514402
19.242155695734255
17.448895181485568
17.761200342225493
18.91459022269555
19.630561879486777
19.959753119008383
17.943187194512575
17.06607164235902
17.752929790127382
17.358033637603512
18.133516674402927
19.6255726415111
18.2557471152395
18.09784078683151
17.33112585914205
17.895160839172604
17.577460719003284
18.238802930885868
18.74514631684724
17.053481227791053
17.163279971944576
17.60566293636657
18.380132826729096
17.99852325052052
19.097869999059185
18.840401120309252
18.94739766935527
18.420479593492928
17.290550070443715
17.740674652173766
17.681733797369816
18.164756478108757
17.73070156252652
17.60215465328656
18.785638224886497
18.721001109362987
17.995066017698264
17.14809432059701
17.489179045383935
17.100320311641553
18.816260420979233
17.418531369359698
17.414085659009288
17.39923866618483
20.32108487628284
17.15605767528905
17.98013451918814
17.4685098766422
17.439280533464625
18.064034082111903
17.138874923359253
20.76356647430657
18.793693866187823
18.952737995983625
17.613503151049372
17.4852581256564
17.443805782866548
19.523499784540036
18.634425668715267
19.533030463615432
18.102807053015567
17.69837020545674
17.88437652081484
18.236311056527484
17.01244942737685
17.984846191648103
18.397645926284895
17.52631566728087
17.40341336180427
17.178879905390204
19.353342258640623
17.567436083561915
18.6654370101096
17.637503686004493
19.108378441080276
19.773540791073174
17.157168976824323
17.206165319061256
18.17180979627301
17.572969952037965
17.17905201427493
18.256204847159097
17.39096056362905
17.804329193008016
20.080489067979215
18.356676664960105
17.253991748497356
19.828705972824537
18.148121649515815
17.220202140859328
17.152572180319112
18.138933715490566
17.668869323933905
18.603519565476745
18.07435846106091
19.912897714966675
18.107900319177133
17.83042821921117
17.462411494008848
18.256210680352524
17.20453476523835
17.904669942909095
18.359949155215872
18.359094739484135
18.13116870832164
17.889330842750496
17.727177999535343
19.993772857284057
17.020687213618658
18.364096065823105
17.810741025867173
18.792361823114334
19.24799179821275
17.149176943697967
18.117201519882656
19.190376228900277
20.16327640444797
19.35904480004683
18.48950970605074
17.061121876555262
17.618998798701796
17.641599911643425
17.071902628493262
20.540887897324865
17.020833424510784
19.276615954004228
17.895542182101053
18.114235501139774
17.60123128007399
19.00205157166056
19.289108938566642
18.135403466207208
17.129246932905517
17.802588268139516
17.690678195634973
17.494105752717587
18.845911851298297
18.452095614906284
17.563976377699873
18.313638216408435
18.868557432608213
21.59561317843327
18.182297842140542
17.945474258129252
17.575878740346525
17.754847769945627
20.479357217962388
18.855823326244717
18.599035130013363
17.829407904253458
18.054741879168432
17.266406940994784
17.01640775555279
17.048051931458758
17.63411931140581
17.57293474287144
18.123169154845527
18.666811119226622
17.417227027806803
17.456698362278985
20.067055606894428
20.39978440372215
17.383681306411745
18.027605713679804
18.56968613890058
17.108149967127247
17.418788948474685
17.268797469019773
17.272899252871866
17.538753504588385
17.918406110766227
19.693894292868208
17.72131998788973
20.339116662493325
19.268015187524725
17.62079920900578
17.78699364027125
17.049218980086152
18.314959863593685
17.388205989947892
18.59778754961735
18.01157651549147
18.502471481755492
17.429425338254077
17.492592202863307
17.757925312733278
19.589822682159138
17.782195347943343
17.642888373084133
17.80783066486765
17.313861512229778
20.11204604015802
17.593312435114058
19.594111353333574
19.65546686651942
18.109020964053343
17.094703862268943
18.018089372795657
17.394444362216746
17.43469497722981
18.182998297794256
17.258163050748408
18.510303299190127
17.598058262097766
17.047652028122684
17.97885040132678
17.83428909581562
19.750567224851693
17.109173983582878
18.55909098799748
18.579585398110794
20.612811269951635
20.174683187520714
18.87685351431719
17.71843589648779
17.395965361167328
17.943471973150736
17.824597944287234
17.964554851379944
17.962968339954386
18.86728801278514
18.185316307950416
17.986781918036286
22.177123032175587
18.54335263291432
17.38096692621184
17.534425669160555
18.754003563924925
18.211101440916536
17.730094239741447
18.429477642072015
17.806533260227297
17.18513835100748
19.081591328897048
17.638949777407106
18.47265764880285
17.164723797657643
20.010536538917222
17.615769080628525
18.6684593672544
17.963457543111872
18.41138421310461
19.257279702665983
17.747790272012935
17.177214119539713
19.299359066411853
19.152368558352464
19.19521274352155
17.385175996285398
17.196914540909347
19.81340171015472
17.672800439948332
18.75384601256519
19.425528164210846
18.57935160571651
18.63132727786433
20.213673516744166
18.941782458583475
18.422587130233296
18.377739360847045
19.113762877314002
19.342117588195833
19.65710510905774
18.43587742788077
18.346031376815517
17.908083825503127
17.32375549330027
17.260637839193805
18.376618061607587
18.754790254417458
17.300381488908897
19.504060308026965
17.311323100395384
19.020971201563952
17.67967273692193
17.71049951684836
18.555958628392546
19.313606949479436
17.710445638585952
17.754580983964843
17.839638588528032
18.894142620672937
18.094154478560085
18.292674112701206
17.608384585313615
17.6546266557707
17.26577091382933
18.26252334995661
19.24166031027562
18.254522549075773
19.438542824747856
18.046058270716458
17.21795435513195
19.68332158101839
17.759880372323096
18.21108560691937
19.345064837107202
17.735682026323047
18.439182982503553
19.664772127667675
19.128769532879232
17.525284714909503
17.656867405035882
18.73006902799534
17.91970217160997
17.54432951073977
19.25624457183585
18.217023874865845
17.766382592817536
19.750803231392638
18.48450820238213
17.213565065074363
17.96528502908768
18.546332992860698
18.176043393992586
18.84818782140792
17.621547270115116
17.18497433088487
17.741365586436586
18.754619855084457
18.352571187002468
19.30342998325068
19.06198191945441
19.54458059091121
18.605835730573745
17.818275756784715
18.446051666192943
17.24004727040301
19.024245682361652
17.420840169739677
17.38670993685082
17.47115905402461
17.23347215265676
18.17562676126545
18.385084226785693
17.843814093779656
18.268286580394488
17.608186595447478
18.30963147894363
17.530975514368038
18.2574844037008
17.178455583620234
19.934625285401125
17.352890146168647
17.550385301437927
17.62904645661183
17.632615954993526
17.350881692531402
19.18715455524216
18.087639979246887
17.50384597068478
17.668076644273242
17.42182830137608
18.119827768197865
19.764244474019506
17.243160335390712
17.384538894097204
18.80834375876293
18.947959342083777
19.607003949626232
18.452560387086123
17.355327422294067
17.48413616309699
19.844586184539367
17.830216121918056
17.827165925627924
18.80994604085572
18.851998957281467
19.455376986501506
18.20069964400318
18.83549968081934
17.51914281923382
17.55634833968361
17.63944671115314
18.433252900125808
19.535812261965475
18.386692388827214
20.15327651577536
18.79671304736985
17.412859708085307
17.037870868647587
17.968749830761226
18.724282620823942
18.07908004685305
17.878451652650256
18.408110569551354
17.36971223447472
17.692490343310055
17.8095285173913
17.601680508247227
18.2144250132842
18.20555913905264
17.22799287593807
19.676500761925126
18.377862288150936
17.92755190882599
17.87513154798944
20.36519908880291
19.418790861876914
17.117213400400942
17.61307673814008
18.376414460421074
18.030105066718534
17.57814598789264
19.165451257227687
17.823235499017756
18.380566945284954
19.40977819089312
18.052889027705532
17.797463483002502
17.552448071088293
17.830008116492536
18.273969678062713
18.590028243343113
17.96047816767532
17.29721535090357
18.45069918927038
17.63525193206442
18.001783441446605
18.231260345855844
18.49171621167625
18.61917688518588
18.639273048756877
18.679301847005263
17.003185341396602
18.22626751718053
18.30955149384681
21.32439459201123
17.951126616128022
17.619907690706896
17.186098978258087
18.466284422785975
18.21953843747906
19.60872334447049
17.501175674056867
17.075093446226674
18.805405474297004
17.283437307269196
18.441278670637985
17.337450008679298
17.895208767644363
17.83668071842112
17.818750272199395
17.14959929775796
18.644344642641954
18.678523942740867
19.564559196238406
17.066829954012064
17.226359280670295
18.52058829521411
17.127951298563858
18.150047609000467
17.784539307496743
17.888835479083355
17.529936282749986
17.095990519286715
17.279226153928903
19.92187506982009
17.23717263879371
17.30892875956488
18.610975077492185
18.62119880958926
18.44942980313499
19.1800332970015
17.128253119866713
18.242921534358175
17.287643018280505
18.38018020997697
18.538120393495774
17.4551655943651
17.92846605728846
17.961801293015014
18.36354825143644
17.313154800707707
20.25015841505956
17.28198038134724
17.55391175119439
18.012150467271567
20.395456812693737
18.140371513727587
18.82881599335815
17.59614759910619
19.023607316587004
19.135090722702444
18.759434788036742
19.205016067891847
18.08019786508521
17.463031416555168
18.079918356001144
17.421515784037183
19.002337020865525
17.26299353587092
19.050691775875748
19.642254178601434
20.953799536902807
17.98479423049139
17.230182091036113
18.32365476684936
17.207284722011536
17.81389295133704
17.39733859099215
17.459208728614612
17.785346356686205
17.15736285073217
17.847242210060358
18.653964495068067
17.757049486899632
18.103260224699625
19.678664375911467
17.170647578590433
18.982627680685255
20.728340955771273
18.019190515362425
19.969287552448804
17.005602240402368
17.050414576311596
19.029461786878528
17.076419409684604
19.088454832221032
19.16386330635578
18.73586887374404
18.39768737005943
17.445181884075282
18.153883681312436
17.802260848431615
19.204021872545127
17.698067328412435
17.29291332331195
19.721638206770876
17.09247277621762
17.899947632904514
17.463419387626345
19.448002339326194
18.685334735928336
18.11118914092367
17.181552480105893
18.294270353901084
18.480901426708442
17.2243049939716
19.549941422897973
17.442426774199703
17.187244409898994
17.209655464233947
17.333010660964646
19.22837488053483
18.984841988509288
17.716544926079223
19.18515422786004
19.459294454121846
18.17442961091001
17.56656142800057
17.763713832900976
17.783305087854387
17.844706187126576
17.01971041788056
17.85837620192615
17.173474428156624
17.482160674524494
17.83449881557317
18.9783769629139
17.57569892241736
18.618660965876188
19.328438801283482
17.51743731868919
17.799909666762687
18.044248801394133
17.88726829861116
18.706271724033286
17.12043408799218
17.6151000886166
18.345551675680326
17.966050285845995
18.120680349617032
17.90024788750452
18.008137614946463
17.31853765172127
17.53673721240193
17.75189933886577
17.25027002466959
18.02359990061086
18.344383682022453
20.55035574908834
18.15675810391258
18.132788933842676
18.03169806281221
17.63855055977183
18.395808128479985
18.030345731720445
18.0834555222973
17.109597286820645
17.81589209404774
19.921313432321767
17.781739553785883
18.92519854825514
17.13154904509429
17.215964706032537
17.186557357752463
17.22800417219696
18.141479659694596
17.8652298329107
17.70219409209676
18.044217343442142
17.200739549545688
18.392784913623473
17.9871035382821
19.000919479803997
18.48194753260759
18.437961901159724
18.183119077337324
17.166993672042736
17.063588513119612
18.559079188897158
18.18684222547745
17.38709002325777
17.365877433738206
17.437905327038607
18.43800949268916
17.222083024302265
18.37057954412012
17.091669306348194
19.569910672449623
17.26338562348974
19.185576704185223
20.630315215414157
18.053461539268028
19.228067380390712
18.371383283723844
17.91719621338416
18.7297142699681
17.94353727498674
18.87438087184273
20.379975138348527
18.095743634432438
17.919897462357767
18.69560239103157
17.368686030138633
18.015585114408168
17.49750221071008
18.05368325233576
18.241684220643947
17.336809181171702
18.233471363215358
17.49680421332596
19.35388677348965
17.459375398684642
19.719818244397175
18.08071924514661
17.960676482340205
17.422821723419474
17.224269817423192
18.122825106300297
18.33961895458924
17.748951293280697
17.293989185418468
17.37614034836588
18.771166979378904
18.086768696433865
17.56733791840088
18.268325516371988
17.922146338198218
17.197537807340268
18.30322583533416
17.942293085201527
17.521331863405067
18.82105938710447
17.86649055450107
19.26538419042481
18.743292723986087
18.284578574690386
19.02382137767563
17.241003034592723
17.549956504706643
17.992969915416325
17.358428803505376
18.326780051123933
18.14490262173058
19.124023645723355
18.408112459204858
18.21122866695805
17.87677139090374
17.226382177264895
17.27155194709485
18.161047163579497
17.201459351112135
18.759663651959272
17.613512289724895
18.656610038757208
18.3244996110152
17.80987870498211
17.515225148104946
17.390095471797395
19.791830349422526
18.291076593333855
18.30630688095698
17.091266027768143
17.839748026264715
17.379217612062348
19.89767120385659
17.489768113111495
18.405652726156404
17.06344809271104
17.83452369585575
18.82896120971418
17.902891656092834
17.84114186251827
18.231338146928465
17.13409644884814
18.53062083525583
17.42815285801771
17.461791969413753
17.26761950236687
17.994613745511742
19.247109702337184
17.39744448311103
17.01245051875594
19.07666040629556
17.5061727642169
18.829276604184997
19.560084396696766
18.521857047089725
17.334046524352743
17.161189072357956
18.360569424621644
18.805846127826953
17.3862911783217
17.651229717652313
17.96154271089472
18.91479695108137
17.788735918686143
17.451747341445298
17.017526588984765
17.906061290894286
17.419696826764266
18.192201512269094
19.142890938092023
18.201030257507227
18.433500070357695
18.957787935767556
17.07564354102942
17.22800359640678
18.347608681433485
18.047505720736808
17.089604854714707
19.291306321887532
18.450273168462445
17.048885909214732
17.30465558587457
18.68409291432181
17.40019690596091
18.637252596527105
17.392570940603036
18.52970118407393
18.08737944207678
17.719681187256356
18.573590759944636
18.463809277891414
17.359494471587823
17.426498507731594
18.34528654027963
18.111687722543138
17.543870502646314
18.737936502118828
19.182588616982684
17.93323011198663
19.99244880711194
19.42154140495404
17.66352122054377
18.443611286129453
18.08765538831358
17.143379799075774
17.53589897599886
17.295351060296525
18.665204040662502
17.955039967404446
18.321898508496815
18.09770185907837
19.553601621097187
17.767728336766595
18.691363466976327
17.73107936611632
19.3764342264476
18.942481800128007
17.802457252939348
17.32348483253736
17.133964636857854
17.51261673049885
17.757626707665622
17.438742387719685
17.566839369537774
17.87474500661483
19.295625420170836
17.68715278385207
20.265781182650244
18.022072798456065
17.09719445175142
19.34106710643391
17.303632122508134
18.875242514026468
20.276314627873944
17.296367938048206
18.443214953833376
17.456655148562277
17.568617429642472
17.577067846796126
17.25236006533669
17.26070578287181
18.173838931019418
17.491479711738066
18.444735729077365
17.61006968919537
17.76584751396149
19.331807333612232
19.972563340808847
17.294331774057355
20.893541260418715
18.237365285138367
17.978002454983653
17.564609386623488
17.498540884727845
17.593863190122647
17.95262426912086
17.74059737191419
19.400272229657276
17.71429485511908
18.01424573577242
19.34188799507683
18.39403341128491
17.446531475507072
17.193900609694538
17.543826925946632
18.49525769794127
18.801569875591667
17.49933909496758
17.10248872372904
18.4929261207144
17.176562263412052
17.886703817843227
18.650237936817575
19.201732060100767
19.446672296413453
17.43096078945382
17.230012795320363
17.631312631157925
17.0093927456619
17.0843711924972
17.382616299495567
18.642453193009715
19.511894663912244
17.408414981662645
17.461137926467927
17.708625598315848
17.010385066183517
17.258878516076948
17.188415275595617
17.473607193518546
19.584408018403337
20.912067651792313
17.488143223919906
17.32404208125081
19.738918959687
19.05019406368956
17.12627784234064
17.638518050240236
18.286136193419225
17.17910228596884
17.20119975929265
17.114092347444966
17.99546046704927
17.628227669847547
19.131972277798923
17.446736765283276
17.32956032686343
21.795951080450322
17.27871144261735
20.876421015971573
17.465265685605118
19.894328021327965
19.91691317158984
17.374573582943412
17.512368065465125
17.44287103100214
18.006500072180643
18.872394758218434
18.157502909380128
17.675221361467266
19.287320227042073
17.583847728237743
18.224458382363082
17.306982827416505
19.25763134958106
17.623781829548534
17.12662513712712
17.427158252321533
17.91380796582962
17.65693175465276
17.38464674196439
17.97469448740594
19.230120600099326
19.53067212832684
17.473442730057286
17.724050485165208
17.189334650262026
17.55055592658755
17.99902888784709
18.324391369518708
17.794375714147463
17.159947589825606
17.680524292009068
19.858661898673745
18.114717755030142
19.27516086102696
20.16323400136025
19.357674698680057
20.165478677488863
19.74123492932995
18.38767703018675
17.793687372482964
17.207894746112288
18.38069180351158
17.105142193322536
18.06259072237299
17.649638325849082
17.59151542946347
19.39299235396902
18.676922100392403
18.36042571537837
17.697193933141534
19.551974944813992
17.172270625655074
18.546468505461235
17.975837491976563
17.693631393209216
17.434205077719525
18.214280681902892
19.29102253478777
18.332777503921534
17.17326989529829
17.764548793260474
17.259994253705372
19.46246733267617
17.78162918353337
17.166744939328055
18.86720691564551
18.863384282929474
18.03955800679978
17.777209526335355
18.090703245601617
17.722657973936293
17.13113066936785
18.07408868332277
17.30352511240926
17.771386228312622
18.035315672226716
17.856315297613037
18.98842076139408
18.03968816449924
18.53691272062133
18.7408615082677
18.021660595652065
18.210199544293573
17.022023992045433
17.582955663718167
18.324429203392356
19.136280642531347
17.607348116856883
17.4230879858369
18.35837669808825
17.305878219165606
19.18682960679871
17.422568332214723
19.135106398665812
17.105200925361714
17.29674961451383
17.556815273856046
20.156558225047775
17.698806121828966
17.95252354888362
18.72753403535171
18.115117504596128
17.711329073499655
18.3632204408932
18.320714068904635
17.44120337186905
18.74625253622071
18.446337245273753
17.875398502947064
17.488360713105067
17.89168125051947
18.966191376079223
18.091083251667442
18.246101030817954
19.869035076044383
17.354292065967456
18.097482931800187
20.12166274226911
17.326545782125322
17.63448592934583
18.36697728744184
17.68087847273273
17.852684325232985
17.89359438890824
17.456700657712645
19.56488981784787
22.872601015726104
17.465595575849875
17.047185089599225
19.67350286875444
17.69613378692884
18.18002929512295
19.344783716005622
17.22889932252292
18.107531286979793
18.4995906403783
17.16305159596959
17.260835867011338
17.115878911528853
19.757912376633612
17.157663813661202
18.42112770845415
17.323394702136284
17.44703038118314
17.056080400230712
17.486062040974502
18.478436251636595
18.13296488854394
18.032220799839706
18.28473969969491
17.932599295090768
18.227264690111042
17.87954942928627
17.74913414006005
17.802639037254266
17.188342649518745
19.060724370996468
17.594358338421443
17.69244279715349
18.37671595464053
17.851547968952218
19.39408402927802
17.716437209877768
17.05448628310114
17.42742976095178
18.031920245746733
17.59343127347529
17.51235857863503
21.038279128231807
17.69010482179874
20.280511541626765
18.116033641344984
17.264092164332396
17.827352001419058
17.437298178643687
18.14833902733517
18.70130083107506
17.816350850407616
17.953269875404658
19.573915388638852
17.14909506193362
17.218072420553654
19.145232288123225
18.25114101373765
17.09119496497442
17.66314061387675
19.838204645289807
19.500403376063332
17.135380922540207
20.26454943427234
18.126811858383007
20.985361252242
17.507547440647613
18.054389196564443
17.31023092554824
17.795854054304073
17.892451129460824
18.21347842697287
17.844791673036525
17.145146302791545
17.21454229707888
17.13482166614267
17.271810783378896
17.344525005784817
17.367260622864706
19.500300972373225
19.3091599077743
18.111120652625686
18.878747848968487
18.179789628236904
18.771358636469813
17.388190160374506
20.678864718109253
18.203059147432214
17.935525425549713
19.255269919522107
18.401397406007163
18.426170395556255
17.434010139404563
18.327553447394166
17.338211268608575
18.11491570068756
18.041761040716665
18.538591470365645
17.816425307712052
17.303015900135506
17.357250286455383
18.106388267537113
18.12797434811364
18.332360018102918
19.316323730847216
19.27785586117534
19.572409679327393
18.08913596365892
17.530616877251305
18.394518994682585
18.272628429171164
17.302614086307585
18.668826172754052
18.177215337040252
17.3825294989947
17.31852312340925
17.494042026009993
17.93758779161726
18.10218161762168
18.086084660186316
17.17882127124176
17.414990229459363
18.01071756926831
17.84174980147509
17.104960209006094
19.04255239639315
17.00631650314608
17.4834258526098
18.3786537302949
17.11448259136523
19.59632924592006
18.087429981154855
17.058103384362767
17.101029690078576
19.232734140226967
17.089718243470998
17.17371855577221
17.555561473520356
17.624804400635185
18.698311386295245
17.327627146893064
17.62017048544658
17.32885810964217
21.149549199195462
17.89756259942078
17.60235562235175
17.24218073069642
19.24681153356505
19.085416597677977
17.80428935108648
17.839649991656188
17.485544216426206
18.177823552221525
17.41387296836183
17.84902096206497
17.829450793593423
17.353149131682585
18.549881150451256
20.15275792167813
17.629972885042662
18.76946920203045
18.190064108319348
17.71666379569797
18.435927847545827
17.313161988349748
17.634613161339075
17.432393394468818
18.818063473241637
17.344925328856334
18.294461229728768
17.759302688660682
18.272723587346263
17.03728447825415
18.1352115568734
17.155989104532637
18.2539246086817
19.577570311317686
17.05392572603887
18.206787304690806
17.19149923430814
17.31340787722729
17.768595351473778
17.251980113389436
19.087990055268165
17.90784428913321
17.42173042408831
18.436120436905185
17.10497945926909
17.352747287295642
18.464838805783074
17.74687207880197
18.301770449383184
20.087572341391933
17.105230662287795
17.289751571806846
18.35145644978911
17.061815603927244
17.52573694550665
18.062431273094262
18.08646217864589
18.75157426048827
17.300607532131835
17.278613286835025
18.667571915051667
18.433953097031917
18.497588369064033
17.65190900141897
17.509595575626008
19.84795067833329
17.17661621661682
19.95541136288375
20.509121235416387
17.09011026949156
17.328427584841847
17.627906131907366
19.060019707569154
17.73176642949693
17.109527940352564
19.267060462545487
18.082900376670295
19.68771650790586
17.003417879604967
18.094865192848374
18.193508820448187
17.93634437554283
17.28827906110382
17.867961104100686
19.720280776004074
17.93530936643947
19.051939367476734
18.34765477759356
17.57845156287658
17.292446108462173
18.103876746085007
18.255129596975166
17.755344667020836
17.76399323811347
19.10787031656946
17.169342421839247
17.726607827906264
18.983889216178795
18.461163897198276
17.6760245335754
19.169390715062036
18.98314747166296
19.335815124271903
18.914028508981573
17.022026046324754
19.12162509073096
18.87281175798853
18.010277072593453
18.152182020363398
18.232894912769552
18.384592751273885
17.167177154464298
19.138401007759967
17.13083846354857
17.425998595834244
17.55076643897337
18.17374785465654
18.806434747340973
17.262201400866616
18.70642476627836
17.935983012852375
19.031834924782743
17.58455001693801
17.31449412521033
19.04671263000637
17.647540520425537
19.56583044285071
21.098414589447202
21.941756792235537
17.404172957627452
17.734937395362067
17.245019091511494
18.44498052119161
18.170384273675154
17.145466189685976
18.64438527006132
17.618565676762955
17.185329460146022
18.383683775799
17.58484367269557
17.759660436509876
19.427002220370923
18.35177315385954
21.052647117176093
18.60306937682617
17.632004202794633
18.70353934376908
17.373103375037317
17.146798266956466
17.367361341966898
17.82063593233761
19.490600669349078
19.67778870940674
17.904637657440617
17.1040142346028
19.75641839535092
17.42515042220475
18.196970541830524
17.776284170657163
17.567226995131932
17.583173637176515
21.26509304373758
19.073242898841272
18.045635865128133
18.04491528638755
17.613936761277728
17.56050607690122
17.76506184261234
17.92246386007173
19.101099618230364
19.67071881487209
19.35287695133593
17.44690572291438
18.09975696769834
18.54220151565096
17.578317420062376
20.323840998709784
18.257181640787167
17.95728318480542
17.007643983597518
17.75309927528724
18.45630056101072
20.07287560988334
19.651065307552926
17.236396404885454
17.484976040985202
17.26369818940293
18.263877931356546
17.87577793680248
19.704067367492826
18.244417387264548
18.50149237914593
18.101883267358062
18.754766273646965
17.314612839531037
17.22745856032998
17.497878103036783
18.312901054669055
17.133303511945996
18.056565175167634
18.269282882654807
17.30377644226246
17.14348306869215
19.10842809852329
19.174786443036282
19.267008739814628
17.11143655750493
18.5694705281785
18.726880963455187
17.175140566410846
18.374573739318294
17.370431462462875
17.53579878261371
22.355588157879538
18.03586354656727
17.146189144579694
18.83404536850867
17.233752137995907
18.185525398046593
19.123706630954985
17.2044636481005
17.90594090158993
17.666496537945932
17.665314048863365
17.227193885468296
20.091457905844436
18.58553692867281
17.56568408777821
17.75439456384629
17.444577451300574
17.091445910249604
17.972300362205715
18.200100750633283
17.01991023820301
17.095031922493945
18.32874211797025
17.557016291146283
18.505143324073288
18.442680991473026
17.242647823877633
17.27429250944988
17.87971117348934
19.08746478825924
17.706746177340392
19.507591405592393
18.526302742087864
19.775798517948715
17.92236677328765
19.013202542468207
18.41649451047124
17.154490650747903
18.642988648833125
17.86672690999694
17.081880949030165
17.639473944625934
17.79093655286124
18.60023237571295
17.802052131228265
17.504765456105815
20.411469474376645
17.146367630237364
17.679282164026517
19.7292054771533
17.94859522821207
18.622450812137686
18.108631380746374
17.692534431131207
18.1707414072589
19.889357028208906
19.145715581646073
18.01785251875117
17.766116271930514
18.854051767775672
17.52255487901857
19.14126631648105
17.6241817035625
17.55792542140989
17.21685938372684
19.705543192554615
18.054849858031957
17.162271740147844
17.34285716903105
19.809593860045425
17.747782759484835
17.229392898836522
